FORSEC-Active.gkbar_paraK 0.5000 -0.5000 1.5000
FORSEC-Active.gnabar_paraNa 0.1000 -0.9000 1.1000
nh_paraK 39.9000 26.6000 53.2000
ns_paraK 10.5000 7.0000 14.0000
th1_paraK -3.8000 -5.0667 -2.5333
ts1_paraK 40.6000 27.0667 54.1333
th2_paraK 6.7000 4.4667 8.9333
ts2_paraK 42.2000 28.1333 56.2667
tk1_paraK 2.5000 1.5000 3.5000
tk2_paraK 0.6000 -0.4000 1.6000
mh_paraNa 32.0000 21.3333 42.6667
ms_paraNa 8.0800 5.3867 10.7733
hh_paraNa 22.8000 15.2000 30.4000
hs_paraNa 4.8000 3.2000 6.4000
hth1_paraNa 26.0000 17.3333 34.6667
hts1_paraNa 11.6000 7.7333 15.4667
hth2_paraNa 24.4000 16.2667 32.5333
hts2_paraNa 23.9000 15.9333 31.8667
htk1_paraNa 0.7000 -0.3000 1.7000
htk2_paraNa 0.0200 -0.9800 1.0200
mth1_paraNa 30.6000 20.4000 40.8000
mts1_paraNa 14.5000 9.6667 19.3333
mth2_paraNa 18.4000 12.2667 24.5333
mts2_paraNa 22.0000 14.6667 29.3333
mtk1_paraNa 0.0240 -0.9760 1.0240
mtk2_paraNa 0.0260 -0.9740 1.0260
